# CSR for edge label: IS_LOCATED_IN
0: 383 815 973 187 
1: 749 798 613 611 
2: 159 456 159 102 
3: 59 470 886 341 
4: 615 146 725 666 
5: 21 57 993 739 
6: 852 961 217 0 
7: 186 1016 187 632 
8: 311 626 537 7 
9: 442 23 298 537 
10: 626 409 142 47 
11: 299 997 375 238 
12: 467 92 804 633 
13: 204 391 526 1006 
14: 606 477 47 880 
15: 622 696 174 461 
16: 66 13 971 964 
17: 988 576 827 394 
18: 311 16 100 236 
19: 700 246 450 699 
20: 124 624 507 853 
21: 35 177 931 400 
22: 264 186 678 773 
23: 319 435 532 212 
24: 559 581 189 32 
25: 992 862 793 460 
26: 962 404 916 948 
27: 612 744 943 334 
28: 90 584 200 533 
29: 46 984 333 864 
30: 398 765 277 552 
31: 848 600 365 988 
32: 287 621 555 282 
33: 144 303 821 169 
34: 76 16 1010 433 
35: 790 404 203 300 
36: 5 14 835 203 
37: 723 728 746 809 
38: 789 620 75 948 
39: 367 666 118 936 
40: 883 870 638 460 
41: 338 97 65 379 
42: 318 684 332 681 
43: 747 605 652 281 
44: 908 574 483 392 
45: 122 995 730 869 
46: 779 739 574 241 
47: 789 262 505 41 
48: 535 727 437 113 
49: 26 449 110 206 
50: 32 917 651 486 
51: 321 576 520 712 
52: 929 142 255 618 
53: 420 552 773 207 
54: 234 965 78 613 
55: 296 711 165 901 
56: 952 639 827 302 
57: 648 108 892 467 
58: 822 223 191 426 
59: 913 904 552 332 
60: 826 125 917 364 
61: 325 928 112 278 
62: 233 663 437 0 
63: 837 361 881 312 
64: 7 168 523 546 
65: 427 496 227 709 
66: 122 275 345 249 
67: 965 172 330 224 
68: 531 571 719 413 
69: 372 66 995 260 
70: 985 252 257 713 
71: 509 729 308 151 
72: 291 1021 37 273 
73: 624 1000 514 420 
74: 52 33 285 353 
75: 930 649 245 697 
76: 148 543 501 458 
77: 1009 566 247 606 
78: 688 82 779 378 
79: 243 247 745 822 
80: 376 481 647 1007 
81: 648 408 548 836 
82: 92 817 855 154 
83: 328 520 190 712 
84: 41 878 605 333 
85: 693 225 16 728 
86: 524 828 231 357 
87: 660 98 178 963 
88: 707 407 396 530 
89: 959 857 140 691 
90: 349 752 116 214 
91: 946 554 898 712 
92: 264 234 675 179 
93: 836 1005 568 529 
94: 542 267 247 1020 
95: 95 988 918 571 
96: 922 903 648 193 
97: 347 285 357 717 
98: 743 866 918 876 
99: 908 414 798 909 
100: 657 871 86 958 
101: 165 804 920 685 
102: 620 594 9 381 
103: 103 962 679 997 
104: 5 290 164 312 
105: 561 497 708 459 
106: 667 1018 229 180 
107: 729 18 242 505 
108: 333 183 764 375 
109: 665 762 869 738 
110: 673 315 581 555 
111: 95 521 376 651 
112: 271 256 249 604 
113: 996 1002 402 498 
114: 913 927 646 444 
115: 813 358 514 660 
116: 590 684 504 884 
117: 199 235 739 511 
118: 287 585 24 786 
119: 660 44 181 1018 
120: 963 481 976 286 
121: 936 904 379 765 
122: 15 975 950 338 
123: 438 566 989 586 
124: 986 1003 873 77 
125: 301 313 394 195 
126: 871 274 324 496 
127: 173 381 570 404 
128: 958 864 712 952 
129: 583 72 99 213 
130: 629 687 1013 367 
131: 143 260 530 302 
132: 898 330 758 869 
133: 713 139 719 725 
134: 368 566 300 303 
135: 828 429 829 262 
136: 887 626 935 83 
137: 523 5 513 642 
138: 817 198 665 72 
139: 718 406 814 51 
140: 911 907 346 28 
141: 384 592 96 448 
142: 592 688 36 336 
143: 476 158 555 1005 
144: 293 859 605 881 
145: 31 256 38 39 
146: 842 310 368 549 
147: 130 334 534 847 
148: 788 278 221 988 
149: 637 468 87 862 
150: 52 199 544 421 
151: 553 716 652 141 
152: 743 135 999 992 
153: 528 731 330 42 
154: 814 408 277 443 
155: 449 761 80 256 
156: 25 188 985 82 
157: 856 438 712 705 
158: 418 59 177 937 
159: 160 452 256 245 
160: 562 96 731 187 
161: 676 957 286 653 
162: 977 529 755 672 
163: 567 446 626 747 
164: 429 48 253 579 
165: 364 162 776 123 
166: 14 350 118 94 
167: 47 96 41 318 
168: 875 1003 720 179 
169: 485 17 100 781 
170: 503 826 484 354 
171: 177 475 444 665 
172: 408 49 630 971 
173: 650 907 46 267 
174: 383 15 640 955 
175: 515 513 877 552 
176: 674 700 166 630 
177: 72 966 657 966 
178: 27 888 599 651 
179: 962 820 589 693 
180: 397 587 658 131 
181: 469 830 558 840 
182: 964 640 395 840 
183: 984 667 927 211 
184: 200 280 71 219 
185: 103 386 18 39 
186: 96 633 699 344 
187: 72 671 326 394 
188: 865 697 23 348 
189: 834 266 288 507 
190: 121 709 713 356 
191: 644 959 898 40 
192: 752 427 822 990 
193: 288 561 181 433 
194: 768 582 826 589 
195: 1014 749 422 130 
196: 380 256 795 594 
197: 348 887 953 575 
198: 879 244 439 696 
199: 768 757 772 243 
200: 105 386 924 547 
201: 517 508 846 398 
202: 327 304 917 102 
203: 398 54 11 981 
204: 927 867 93 363 
205: 326 979 972 693 
206: 973 494 587 504 
207: 647 85 459 93 
208: 300 616 336 566 
209: 688 217 770 968 
210: 810 800 808 116 
211: 93 953 506 997 
212: 58 1019 562 57 
213: 452 754 909 559 
214: 359 722 119 991 
215: 146 704 779 857 
216: 633 887 103 858 
217: 86 436 717 227 
218: 74 406 841 913 
219: 723 150 83 525 
220: 86 238 1010 595 
221: 383 883 379 901 
222: 832 242 969 929 
223: 1009 606 771 358 
224: 385 725 85 493 
225: 795 387 571 722 
226: 434 254 928 338 
227: 113 444 504 259 
228: 11 414 479 585 
229: 57 758 121 785 
230: 120 842 664 762 
231: 763 697 597 243 
232: 985 409 383 489 
233: 292 84 889 541 
234: 228 446 986 821 
235: 12 1001 993 569 
236: 44 330 912 44 
237: 540 946 1016 941 
238: 75 259 567 712 
239: 992 77 535 170 
240: 644 222 712 301 
241: 465 1019 642 713 
242: 598 393 922 754 
243: 46 937 287 981 
244: 973 59 911 403 
245: 466 109 635 343 
246: 284 173 192 662 
247: 474 397 361 234 
248: 597 272 79 368 
249: 997 266 1009 464 
250: 714 33 548 286 
251: 316 421 833 617 
252: 701 277 166 136 
253: 932 78 842 963 
254: 972 426 743 595 
255: 628 941 428 84 
256: 955 897 886 564 
257: 46 168 26 421 
258: 385 796 830 491 
259: 1010 1008 154 385 
260: 608 767 390 402 
261: 993 849 862 582 
262: 858 65 479 37 
263: 424 137 279 14 
264: 57 77 885 708 
265: 832 547 1023 767 
266: 1020 935 568 599 
267: 787 743 967 775 
268: 870 386 253 246 
269: 461 209 132 257 
270: 976 281 620 212 
271: 234 899 687 775 
272: 632 48 366 275 
273: 116 22 687 510 
274: 532 487 790 851 
275: 532 315 872 835 
276: 565 991 574 90 
277: 897 810 413 604 
278: 137 491 29 430 
279: 773 803 635 654 
280: 720 824 218 924 
281: 139 632 14 1003 
282: 359 622 604 651 
283: 401 568 447 93 
284: 925 743 356 560 
285: 526 461 802 932 
286: 406 305 637 536 
287: 883 714 972 815 
288: 150 470 948 862 
289: 503 787 264 67 
290: 470 46 1003 635 
291: 504 355 336 214 
292: 648 593 245 349 
293: 77 550 131 471 
294: 131 598 155 409 
295: 142 714 656 184 
296: 186 713 353 421 
297: 918 895 485 527 
298: 683 996 176 616 
299: 196 229 41 841 
300: 172 353 285 355 
301: 181 32 90 561 
302: 123 547 471 364 
303: 211 915 373 131 
304: 515 338 706 329 
305: 40 94 818 492 
306: 642 704 83 523 
307: 894 160 942 386 
308: 62 2 283 889 
309: 825 86 766 611 
310: 188 1009 214 549 
311: 379 946 496 241 
312: 633 778 377 544 
313: 473 737 765 63 
314: 37 151 258 136 
315: 730 703 916 864 
316: 523 767 544 31 
317: 109 888 458 362 
318: 545 406 248 107 
319: 275 755 386 186 
320: 20 577 329 860 
321: 216 91 335 548 
322: 122 238 911 351 
323: 607 485 695 363 
324: 808 664 510 491 
325: 89 598 549 754 
326: 600 571 763 600 
327: 442 578 130 387 
328: 290 345 371 921 
329: 661 622 584 250 
330: 364 510 1010 338 
331: 620 956 242 7 
332: 104 230 156 374 
333: 251 499 164 871 
334: 191 89 291 825 
335: 177 56 918 862 
336: 82 52 537 18 
337: 420 713 1005 1021 
338: 114 918 407 589 
339: 992 939 886 5 
340: 836 998 264 502 
341: 174 740 684 840 
342: 951 735 570 547 
343: 585 488 286 858 
344: 787 209 191 991 
345: 331 728 435 204 
346: 519 753 248 542 
347: 117 724 625 786 
348: 295 89 595 518 
349: 158 954 492 328 
350: 545 608 53 378 
351: 344 465 137 561 
352: 64 562 1013 206 
353: 330 701 829 89 
354: 260 142 697 2 
355: 778 119 609 484 
356: 482 620 421 813 
357: 357 109 951 871 
358: 850 763 988 418 
359: 127 955 748 1014 
360: 960 209 185 388 
361: 68 948 758 738 
362: 588 49 862 800 
363: 143 847 814 768 
364: 206 818 167 844 
365: 168 190 834 241 
366: 681 648 535 929 
367: 367 323 898 602 
368: 401 699 836 462 
369: 449 730 385 921 
370: 473 639 308 552 
371: 765 449 514 591 
372: 237 363 921 400 
373: 393 544 556 68 
374: 928 234 639 555 
375: 119 441 962 340 
376: 642 748 342 710 
377: 142 170 813 899 
378: 634 507 546 759 
379: 915 586 807 1021 
380: 155 770 319 723 
381: 254 797 761 146 
382: 34 209 583 731 
383: 780 505 897 772 
384: 350 105 840 549 
385: 113 387 866 467 
386: 130 618 406 514 
387: 816 552 153 498 
388: 234 418 739 790 
389: 737 12 656 612 
390: 710 579 555 733 
391: 257 613 353 846 
392: 185 982 930 350 
393: 597 232 410 433 
394: 473 294 970 629 
395: 157 933 600 142 
396: 518 103 626 262 
397: 18 743 893 607 
398: 954 104 578 940 
399: 713 809 944 23 
400: 724 667 156 789 
401: 590 383 621 70 
402: 434 79 754 106 
403: 956 860 947 932 
404: 461 125 115 241 
405: 1008 169 859 190 
406: 127 857 942 340 
407: 890 318 531 232 
408: 605 622 408 388 
409: 56 762 343 210 
410: 822 806 4 618 
411: 341 117 407 424 
412: 550 884 941 945 
413: 354 476 355 492 
414: 755 940 463 601 
415: 229 33 463 934 
416: 144 254 180 591 
417: 510 169 428 34 
418: 936 318 371 799 
419: 594 284 647 225 
420: 13 217 679 527 
421: 182 998 984 470 
422: 152 570 424 881 
423: 87 547 1020 188 
424: 514 306 609 317 
425: 68 406 767 437 
426: 214 818 919 357 
427: 210 479 195 639 
428: 37 386 483 856 
429: 578 601 67 301 
430: 794 731 464 540 
431: 536 547 451 492 
432: 410 508 573 783 
433: 158 105 186 342 
434: 882 77 968 771 
435: 382 278 277 918 
436: 659 539 418 819 
437: 25 1002 159 859 
438: 733 887 674 417 
439: 27 564 227 259 
440: 236 200 688 517 
441: 20 609 106 347 
442: 819 583 182 908 
443: 668 570 243 738 
444: 101 824 249 1012 
445: 739 617 876 826 
446: 850 985 406 967 
447: 684 144 209 416 
448: 300 331 917 89 
449: 13 648 87 753 
450: 212 868 27 125 
451: 185 897 597 658 
452: 431 720 914 932 
453: 837 639 350 343 
454: 265 844 388 371 
455: 604 35 274 850 
456: 639 353 419 792 
457: 565 371 446 881 
458: 301 224 971 997 
459: 781 798 143 116 
460: 889 579 499 1009 
461: 916 482 819 186 
462: 435 496 23 524 
463: 275 759 554 715 
464: 648 412 264 223 
465: 142 660 854 431 
466: 1008 135 538 922 
467: 175 707 278 699 
468: 18 842 936 542 
469: 120 834 590 510 
470: 280 68 567 414 
471: 667 509 849 737 
472: 211 109 11 143 
473: 140 270 921 272 
474: 894 749 611 256 
475: 614 648 680 506 
476: 179 587 936 858 
477: 428 414 392 789 
478: 531 432 48 362 
479: 170 981 755 188 
480: 84 92 617 789 
481: 251 69 398 857 
482: 295 447 364 937 
483: 736 738 304 625 
484: 579 972 487 406 
485: 679 976 959 138 
486: 750 495 220 276 
487: 31 552 268 165 
488: 609 861 52 866 
489: 508 978 611 158 
490: 342 638 789 485 
491: 109 352 76 359 
492: 745 422 507 721 
493: 704 612 445 470 
494: 252 77 838 79 
495: 818 2 711 990 
496: 278 5 604 105 
497: 369 322 93 826 
498: 939 985 140 808 
499: 973 707 456 533 
500: 189 88 554 981 
501: 893 776 749 654 
502: 825 777 674 741 
503: 708 652 869 1004 
504: 255 925 501 662 
505: 226 709 1011 52 
506: 966 685 40 45 
507: 722 602 947 1023 
508: 184 569 581 484 
509: 937 320 34 123 
510: 714 748 304 197 
511: 946 118 994 431 
512: 966 814 485 762 
513: 882 56 864 466 
514: 326 534 848 660 
515: 37 665 610 373 
516: 235 574 123 492 
517: 78 906 712 542 
518: 348 451 742 414 
519: 66 586 322 823 
520: 552 551 809 677 
521: 326 755 640 532 
522: 907 437 630 897 
523: 238 427 24 473 
524: 890 1014 21 0 
525: 895 189 541 393 
526: 961 954 817 71 
527: 1021 9 359 53 
528: 785 90 411 38 
529: 491 491 642 594 
530: 894 278 1007 407 
531: 786 93 427 344 
532: 431 535 755 749 
533: 244 3 113 478 
534: 363 304 294 873 
535: 303 732 239 603 
536: 43 283 18 932 
537: 1011 46 438 112 
538: 393 401 695 127 
539: 223 979 972 817 
540: 805 265 91 602 
541: 427 1005 900 905 
542: 967 615 478 925 
543: 628 1012 171 761 
544: 1014 66 237 411 
545: 965 857 665 236 
546: 622 850 524 123 
547: 236 48 180 393 
548: 225 37 190 980 
549: 798 846 358 819 
550: 59 644 992 221 
551: 904 530 950 611 
552: 1018 537 178 266 
553: 405 527 776 502 
554: 712 1020 157 918 
555: 835 474 229 637 
556: 229 765 549 35 
557: 607 916 594 880 
558: 93 468 898 400 
559: 271 279 132 488 
560: 910 45 978 872 
561: 882 36 828 336 
562: 670 953 564 752 
563: 89 288 418 258 
564: 381 5 265 712 
565: 740 49 507 545 
566: 82 985 225 112 
567: 699 915 77 1015 
568: 871 62 507 904 
569: 492 528 606 928 
570: 844 585 356 678 
571: 694 556 579 885 
572: 273 751 899 533 
573: 816 888 674 251 
574: 870 161 888 164 
575: 725 342 857 244 
576: 714 952 696 108 
577: 633 715 770 193 
578: 162 902 902 984 
579: 892 476 29 900 
580: 845 5 131 839 
581: 343 234 761 930 
582: 164 1 837 569 
583: 852 774 519 264 
584: 6 197 293 86 
585: 631 334 1004 573 
586: 646 118 266 385 
587: 649 9 552 838 
588: 798 131 109 290 
589: 779 18 554 442 
590: 986 860 350 401 
591: 647 183 954 771 
592: 104 807 959 177 
593: 704 789 69 970 
594: 308 170 725 789 
595: 68 725 596 484 
596: 354 59 635 76 
597: 46 872 892 1013 
598: 996 692 992 456 
599: 767 663 133 608 
600: 776 392 25 67 
601: 22 841 331 380 
602: 500 838 788 258 
603: 699 1 456 162 
604: 280 479 1021 966 
605: 436 104 462 874 
606: 167 539 813 845 
607: 710 305 226 860 
608: 84 791 696 235 
609: 670 134 279 888 
610: 973 986 154 32 
611: 442 748 966 931 
612: 429 877 653 987 
613: 407 778 280 452 
614: 1007 319 419 328 
615: 915 741 235 763 
616: 218 205 31 888 
617: 667 732 377 576 
618: 885 482 484 556 
619: 991 163 189 208 
620: 889 93 795 157 
621: 789 464 865 543 
622: 779 18 641 815 
623: 134 301 33 933 
624: 942 990 631 189 
625: 815 473 493 1 
626: 120 612 128 621 
627: 702 253 440 571 
628: 205 230 503 164 
629: 65 667 595 333 
630: 275 604 816 443 
631: 317 1007 466 153 
632: 11 475 74 696 
633: 401 405 491 998 
634: 614 739 298 672 
635: 711 775 880 975 
636: 798 929 40 741 
637: 492 767 107 149 
638: 247 105 1010 584 
639: 145 18 510 493 
640: 632 215 719 354 
641: 573 794 10 963 
642: 334 74 530 547 
643: 89 903 359 84 
644: 33 844 80 366 
645: 406 329 135 1000 
646: 581 205 706 709 
647: 819 841 204 42 
648: 171 686 107 974 
649: 651 127 723 917 
650: 32 609 958 631 
651: 53 627 554 306 
652: 726 957 891 970 
653: 731 640 820 802 
654: 347 626 834 496 
655: 82 676 916 566 
656: 560 611 836 802 
657: 463 492 659 41 
658: 539 167 749 449 
659: 83 742 61 607 
660: 253 665 163 490 
661: 892 630 224 336 
662: 999 481 344 762 
663: 186 892 808 444 
664: 674 44 510 165 
665: 568 21 736 668 
666: 233 340 1020 555 
667: 998 505 665 83 
668: 204 412 696 225 
669: 73 428 31 208 
670: 263 860 473 178 
671: 889 983 744 425 
672: 760 866 435 643 
673: 354 752 379 786 
674: 1011 516 41 556 
675: 887 526 592 602 
676: 449 30 742 405 
677: 498 620 894 612 
678: 922 811 431 670 
679: 283 1015 606 290 
680: 934 367 215 393 
681: 637 476 646 856 
682: 750 241 134 794 
683: 733 415 930 616 
684: 183 647 243 381 
685: 994 524 185 422 
686: 874 70 504 447 
687: 253 99 891 414 
688: 455 607 527 593 
689: 367 678 607 97 
690: 167 667 400 319 
691: 992 408 264 878 
692: 672 9 332 602 
693: 792 613 134 406 
694: 993 242 464 240 
695: 241 904 75 452 
696: 173 338 532 459 
697: 345 685 848 149 
698: 441 460 254 601 
699: 631 971 723 258 
700: 171 367 171 388 
701: 37 620 754 365 
702: 679 546 486 800 
703: 864 722 825 457 
704: 599 884 889 571 
705: 210 552 114 35 
706: 276 1010 58 125 
707: 543 236 959 52 
708: 40 655 125 230 
709: 463 184 956 90 
710: 323 105 519 598 
711: 42 704 151 406 
712: 1010 491 988 702 
713: 5 17 974 330 
714: 654 996 888 594 
715: 465 260 527 534 
716: 500 350 682 545 
717: 143 128 30 135 
718: 315 146 721 962 
719: 206 750 689 166 
720: 993 192 96 748 
721: 688 159 454 240 
722: 888 986 181 261 
723: 709 677 858 1002 
724: 967 383 699 17 
725: 509 250 632 850 
726: 889 885 584 786 
727: 31 115 953 814 
728: 706 940 692 615 
729: 220 963 674 846 
730: 403 682 666 591 
731: 109 356 673 163 
732: 1023 619 49 325 
733: 1000 887 416 1017 
734: 891 770 801 92 
735: 580 295 756 111 
736: 899 666 413 783 
737: 334 947 683 448 
738: 827 923 780 898 
739: 816 324 446 889 
740: 837 384 123 303 
741: 557 664 5 336 
742: 332 645 375 624 
743: 405 576 712 389 
744: 397 561 459 610 
745: 243 558 382 455 
746: 232 15 74 601 
747: 617 172 684 657 
748: 634 777 474 512 
749: 388 555 884 974 
750: 531 867 490 936 
751: 26 833 349 111 
752: 389 152 408 539 
753: 594 251 546 488 
754: 622 403 783 562 
755: 832 764 735 732 
756: 978 533 18 842 
757: 200 441 7 918 
758: 663 72 919 977 
759: 249 670 949 389 
760: 61 201 956 490 
761: 360 199 103 170 
762: 497 632 262 535 
763: 291 686 314 951 
764: 822 545 552 594 
765: 318 91 624 734 
766: 733 409 279 1000 
767: 423 842 124 535 
768: 185 126 697 880 
769: 185 818 537 189 
770: 726 302 109 812 
771: 580 189 262 939 
772: 986 434 495 89 
773: 825 835 563 382 
774: 44 539 648 114 
775: 974 2 616 653 
776: 838 527 905 607 
777: 233 812 217 662 
778: 625 178 420 369 
779: 860 927 921 788 
780: 361 569 242 261 
781: 799 309 281 749 
782: 842 871 433 687 
783: 683 828 97 785 
784: 638 153 462 434 
785: 600 156 172 240 
786: 754 890 883 484 
787: 221 548 98 182 
788: 24 319 657 235 
789: 621 211 559 653 
790: 237 263 400 647 
791: 608 59 508 145 
792: 1011 281 139 611 
793: 711 692 414 453 
794: 438 456 734 741 
795: 709 16 1015 349 
796: 131 838 106 617 
797: 741 345 592 927 
798: 280 791 81 271 
799: 87 660 915 610 
800: 196 410 331 375 
801: 232 351 363 631 
802: 71 453 531 851 
803: 69 685 819 71 
804: 239 655 552 277 
805: 901 607 666 696 
806: 545 236 332 467 
807: 340 194 685 53 
808: 1017 387 677 371 
809: 571 1019 748 457 
810: 476 341 61 594 
811: 575 90 980 984 
812: 179 650 706 772 
813: 205 174 548 419 
814: 98 432 461 841 
815: 774 1 355 308 
816: 680 1004 814 486 
817: 949 391 240 122 
818: 408 997 156 20 
819: 1016 754 949 787 
820: 552 249 862 687 
821: 533 95 638 263 
822: 91 806 773 885 
823: 130 623 845 519 
824: 800 163 725 64 
825: 37 120 310 232 
826: 269 349 368 390 
827: 89 354 959 244 
828: 567 521 312 845 
829: 406 286 457 965 
830: 615 894 528 165 
831: 941 805 508 588 
832: 1015 580 871 400 
833: 213 513 952 406 
834: 119 552 837 643 
835: 389 690 899 545 
836: 888 738 825 144 
837: 808 217 311 838 
838: 82 330 412 23 
839: 177 157 711 228 
840: 354 980 999 586 
841: 656 955 842 588 
842: 135 490 882 321 
843: 944 620 498 142 
844: 620 919 783 849 
845: 179 325 514 975 
846: 408 845 149 682 
847: 376 124 69 489 
848: 26 518 138 238 
849: 986 81 562 795 
850: 989 124 442 608 
851: 319 958 518 897 
852: 450 284 108 871 
853: 656 0 221 18 
854: 634 617 665 373 
855: 155 395 62 577 
856: 799 196 470 216 
857: 59 496 1018 772 
858: 59 634 711 304 
859: 1007 440 244 174 
860: 145 76 124 801 
861: 310 271 103 182 
862: 708 708 63 632 
863: 521 648 1020 234 
864: 833 238 629 226 
865: 313 177 638 671 
866: 539 868 436 741 
867: 133 811 907 414 
868: 460 669 199 362 
869: 376 538 424 493 
870: 847 181 751 396 
871: 787 986 11 254 
872: 426 137 492 428 
873: 19 809 266 596 
874: 778 697 140 194 
875: 548 633 220 331 
876: 12 854 246 644 
877: 999 203 820 66 
878: 982 43 499 380 
879: 112 272 561 661 
880: 465 511 864 272 
881: 100 152 499 130 
882: 153 885 332 249 
883: 755 667 487 830 
884: 384 628 403 880 
885: 470 401 803 979 
886: 913 136 978 104 
887: 805 674 322 965 
888: 704 828 448 78 
889: 260 286 861 952 
890: 39 259 923 799 
891: 472 844 652 507 
892: 675 395 916 460 
893: 651 232 628 910 
894: 68 461 530 903 
895: 153 108 755 1011 
896: 524 453 696 48 
897: 42 38 86 764 
898: 733 674 73 821 
899: 72 107 12 36 
900: 979 520 755 396 
901: 361 473 303 1015 
902: 358 994 793 964 
903: 677 802 189 363 
904: 178 422 100 562 
905: 676 850 782 70 
906: 271 434 21 84 
907: 84 527 991 920 
908: 302 801 787 233 
909: 639 999 391 683 
910: 210 10 124 261 
911: 629 266 793 70 
912: 659 982 543 489 
913: 42 917 991 329 
914: 817 128 299 485 
915: 1003 116 616 497 
916: 596 942 766 533 
917: 831 631 672 160 
918: 131 44 346 113 
919: 950 612 230 97 
920: 381 385 442 563 
921: 449 397 627 167 
922: 965 280 246 950 
923: 124 692 202 507 
924: 908 13 661 1016 
925: 292 687 835 324 
926: 882 900 866 264 
927: 940 557 258 651 
928: 773 226 471 1001 
929: 862 766 745 571 
930: 795 184 671 55 
931: 181 327 558 771 
932: 1008 275 959 552 
933: 44 745 168 110 
934: 134 701 743 94 
935: 837 988 218 500 
936: 517 154 860 350 
937: 750 423 555 776 
938: 604 761 520 626 
939: 304 108 578 155 
940: 705 96 894 591 
941: 651 898 779 444 
942: 163 164 472 571 
943: 9 831 252 759 
944: 743 902 1015 284 
945: 101 198 411 900 
946: 819 673 208 318 
947: 568 760 750 834 
948: 630 629 192 704 
949: 363 384 802 551 
950: 567 536 5 868 
951: 779 860 36 852 
952: 763 11 207 767 
953: 981 776 376 694 
954: 334 774 152 862 
955: 312 481 897 514 
956: 1020 127 377 394 
957: 459 658 739 799 
958: 907 222 607 141 
959: 400 678 422 1 
960: 712 182 3 29 
961: 634 170 364 185 
962: 813 396 95 411 
963: 602 895 492 522 
964: 657 740 66 106 
965: 593 230 574 719 
966: 574 54 617 498 
967: 692 613 824 616 
968: 276 23 844 329 
969: 510 651 78 152 
970: 59 712 342 763 
971: 803 1005 724 214 
972: 807 844 529 532 
973: 450 382 150 125 
974: 336 753 444 241 
975: 90 380 225 64 
976: 612 820 753 784 
977: 1022 751 955 306 
978: 657 177 431 652 
979: 651 508 804 182 
980: 121 702 419 1014 
981: 859 765 393 757 
982: 585 973 601 207 
983: 188 579 370 1003 
984: 342 169 26 717 
985: 24 599 851 600 
986: 279 714 530 951 
987: 305 801 963 57 
988: 265 873 439 230 
989: 893 385 862 472 
990: 190 492 821 445 
991: 469 959 494 722 
992: 136 646 82 51 
993: 745 925 508 931 
994: 447 798 747 7 
995: 783 58 162 230 
996: 624 134 138 408 
997: 769 944 672 483 
998: 979 13 70 289 
999: 58 45 288 37 
1000: 267 282 252 282 
1001: 928 806 255 998 
1002: 278 380 777 439 
1003: 460 865 795 274 
1004: 66 160 499 873 
1005: 34 47 64 634 
1006: 928 575 142 354 
1007: 545 322 420 790 
1008: 355 88 921 242 
1009: 22 750 679 561 
1010: 986 131 573 903 
1011: 959 402 53 847 
1012: 428 806 266 639 
1013: 748 506 1004 1003 
1014: 262 148 669 742 
1015: 202 195 578 346 
1016: 475 316 995 969 
1017: 623 990 357 187 
1018: 116 22 154 737 
1019: 230 428 256 90 
1020: 871 700 574 558 
1021: 535 1004 117 232 
1022: 880 413 740 555 
1023: 69 810 724 562 
